1 1 30 0.007442800000 0.007053944093 4361.666666666667 4186.449564251669
1 2 30 0.000496233333 0.000270145259 153.033333333333 54.810320783296
1 3 30 0.013925600000 0.011259029528 1189.300000000000 480.785861717653
1 4 30 0.000406066667 0.000209852975 153.600000000000 46.815558863738
2 1 30 0.022460966667 0.024954991351 13051.133333333333 13279.878096483841
2 2 30 0.000818833333 0.000643526281 193.766666666667 68.832972919376
2 3 30 0.047537000000 0.037503786949 2748.200000000000 1207.952539602047
2 4 30 0.000579166667 0.000311066805 184.200000000000 62.328606373108
3 1 30 2.489023400000 1.779174606015 1593989.266666666605 1184269.453105101828
3 2 30 0.003701833333 0.003126513692 307.166666666667 89.721824252110
3 3 30 1.319397866667 0.936025611164 9803.000000000000 3589.885023612681
3 4 30 0.003064333333 0.004086598926 292.833333333333 121.600840325288
4 1 0 10.000022066667 0.000080096701 2485467.899999999907 414234.867653634050
4 2 30 0.098218233333 0.029001472966 478.700000000000 23.261852744428
4 3 28 5.969907066667 2.418448156113 17735.900000000001 3502.083747693949
4 4 30 0.075787833333 0.019538357625 506.200000000000 24.801835304726
5 1 0 10.000028466667 0.000033518540 2594646.200000000186 121258.321451356198
5 2 30 0.347856233333 0.052896217532 975.233333333333 15.468952962213
5 3 0 10.001700433333 0.001193598139 35490.133333333331 2191.299138101344
5 4 30 0.276673233333 0.052991177989 990.733333333333 16.264904747240
